Community_Detection.py

1. 读取数据
2. 生成graph
3. 调用模型

结果：

result =  com_CN105894490A_CN1106246A_CN101460090A_com_CN107274386B_WO2007059119A2
result =  com_CN101494817A_CN204104117U_CN104507010A_CN108462916B
result =  com_WO2007059119A2_CN105894490A_CN101460090A_com_CN107274386B_CN1106246A
result =  com_WO2007059119A2_CN1106246A_CN101460090A_com_CN107274386B_CN105894490A
result =  com_CN106294726A_CN106855853A_CN107480122B
result =  com_CN101551855A_CN104050256A_CN106202847A_CN106650261A_CN105933172A_CN102663129A_CN105912846A_CN103116707A_CN104331394A_CN107247868B

每一行 是一个聚类结果，其中 com_ 开头 的 是一个小社区。  在结果中保留com 是为了方便追溯当前聚类结果是由独立的社区组成的 还是 组合的社区组成的


Spectral&AP.py
1. 读取数据
2. 生成距离矩阵
3. 对比临近传播与谱聚类


结果：

    AP ： Calinski-Harabasz Score 36.38936502754305
    SP ： Calinski-Harabasz Score 34.460482000322344


[1 1 1 1 0 0 0 0 0 0 1 1 0 1 1 0 0 1 1 1 1 1 0 1 0 0 0 1 0 0 0 0 0 0 0 0 0
 0 0 0 0 0 0 0 0 0 0 1 1 1]
[0 0 0 0 1 1 1 0 1 0 0 0 0 0 0 1 1 0 0 0 0 0 0 0 1 1 1 0 1 0 0 1 1 1 1 1 1
 1 1 1 1 1 1 0 0 0 0 0 0 0]